(20, 30): 0.1010,
(30, 40): 0.1110,
(40, 50): 0.1185,
(50, 60): 0.1225,
(60, 70): 0.1260,
(70, 80): 0.1292,
(80, 90): 0.1302,
(90, 100): 0.1312,
(100, 110): 0.1330,
(110, 120): 0.1352,
(120, 130): 0.1405,
(130, 140): 0.1495,
(140, 150): 0.1550,
(150, 160): 0.1580,
(160, 170): 0.1660,
(170, 180): 0.1685,
(180, 190): 0.1855,
(190, 200): 0.1875,
(200, 210): 0.1925,
(210, 220): 0.1950,
(220, 230): 0.2015,
(230, 240): 0.2038,
(240, 250): 0.2048,
(250, 260): 0.2065,
(260, 270): 0.2090,
(270, 280): 0.2115,
(280, 290): 0.2185,
(290, 300): 0.2235,
(300, 310): 0.2255,
(310, 320): 0.2315,
(320, 330): 0.2350,
(330, 340): 0.2405,
(340, 350): 0.2430,
(350, 360): 0.2475,
(360, 370): 0.2500,
(370, 380): 0.2535,
(380, 390): 0.2560,
(390, 400): 0.2590,
(400, 410): 0.2615,
(410, 420): 0.2638,
(420, 430): 0.2665,
(430, 440): 0.2690,
(440, 450): 0.2715,
(450, 460): 0.2738,
(460, 470): 0.2765,
(470, 480): 0.2788,
(480, 490): 0.2810,
(490, 500): 0.2835
